Report from scikit learn:

Displaying the confusion matrix:

True Negatives , False Positives
False Negatives , True Positives 

[[979 251]
 [795 358]]

Outputting all the metrics required (precision,recall, f1 score) and the count in each of the sentiments:

              precision    recall  f1-score   support

         Neg       0.55      0.80      0.65      1230
         Pos       0.59      0.31      0.41      1153

    accuracy                           0.56      2383
   macro avg       0.57      0.55      0.53      2383
weighted avg       0.57      0.56      0.53      2383

Table with prediction and the instance position:
9531, 0

9532, 0

9533, 1

9534, 1

9535, 0

9536, 0

9537, 0

9538, 0

9539, 0

9540, 1

9541, 0

9542, 0

9543, 0

9544, 0

9545, 0

9546, 1

9547, 1

9548, 1

9549, 0

9550, 1

9551, 0

9552, 1

9553, 0

9554, 0

9555, 0

9556, 0

9557, 1

9558, 0

9559, 1

9560, 0

9561, 0

9562, 0

9563, 1

9564, 0

9565, 1

9566, 0

9567, 0

9568, 0

9569, 1

9570, 0

9571, 1

9572, 1

9573, 0

9574, 1

9575, 0

9576, 0

9577, 1

9578, 0

9579, 0

9580, 1

9581, 1

9582, 0

9583, 0

9584, 0

9585, 0

9586, 0

9587, 1

9588, 0

9589, 0

9590, 0

9591, 0

9592, 0

9593, 0

9594, 1

9595, 0

9596, 1

9597, 1

9598, 0

9599, 0

9600, 0

9601, 0

9602, 0

9603, 1

9604, 0

9605, 0

9606, 0

9607, 1

9608, 0

9609, 0

9610, 0

9611, 0

9612, 0

9613, 0

9614, 0

9615, 0

9616, 0

9617, 0

9618, 0

9619, 0

9620, 0

9621, 0

9622, 0

9623, 0

9624, 0

9625, 1

9626, 0

9627, 0

9628, 1

9629, 0

9630, 0

9631, 0

9632, 0

9633, 0

9634, 1

9635, 1

9636, 0

9637, 0

9638, 0

9639, 1

9640, 0

9641, 0

9642, 0

9643, 0

9644, 0

9645, 0

9646, 0

9647, 1

9648, 1

9649, 1

9650, 1

9651, 0

9652, 1

9653, 0

9654, 0

9655, 1

9656, 1

9657, 0

9658, 1

9659, 1

9660, 1

9661, 0

9662, 0

9663, 0

9664, 0

9665, 0

9666, 0

9667, 0

9668, 0

9669, 0

9670, 0

9671, 0

9672, 0

9673, 0

9674, 0

9675, 0

9676, 0

9677, 0

9678, 0

9679, 0

9680, 0

9681, 0

9682, 0

9683, 0

9684, 1

9685, 0

9686, 0

9687, 0

9688, 1

9689, 0

9690, 0

9691, 0

9692, 0

9693, 0

9694, 0

9695, 1

9696, 0

9697, 0

9698, 0

9699, 0

9700, 0

9701, 0

9702, 1

9703, 1

9704, 0

9705, 0

9706, 0

9707, 0

9708, 0

9709, 0

9710, 0

9711, 0

9712, 0

9713, 0

9714, 0

9715, 0

9716, 1

9717, 0

9718, 0

9719, 1

9720, 0

9721, 0

9722, 0

9723, 0

9724, 0

9725, 0

9726, 0

9727, 1

9728, 0

9729, 0

9730, 0

9731, 0

9732, 0

9733, 0

9734, 0

9735, 0

9736, 0

9737, 0

9738, 0

9739, 1

9740, 0

9741, 0

9742, 1

9743, 0

9744, 0

9745, 1

9746, 1

9747, 1

9748, 0

9749, 0

9750, 0

9751, 0

9752, 1

9753, 0

9754, 0

9755, 0

9756, 1

9757, 0

9758, 0

9759, 0

9760, 0

9761, 0

9762, 1

9763, 0

9764, 0

9765, 1

9766, 0

9767, 0

9768, 1

9769, 1

9770, 0

9771, 0

9772, 0

9773, 0

9774, 0

9775, 1

9776, 0

9777, 1

9778, 1

9779, 1

9780, 1

9781, 0

9782, 0

9783, 0

9784, 0

9785, 0

9786, 0

9787, 0

9788, 0

9789, 0

9790, 0

9791, 0

9792, 0

9793, 1

9794, 1

9795, 0

9796, 1

9797, 0

9798, 0

9799, 0

9800, 0

9801, 0

9802, 0

9803, 0

9804, 0

9805, 0

9806, 0

9807, 0

9808, 0

9809, 0

9810, 0

9811, 0

9812, 0

9813, 0

9814, 0

9815, 1

9816, 0

9817, 0

9818, 0

9819, 0

9820, 0

9821, 0

9822, 0

9823, 0

9824, 0

9825, 0

9826, 0

9827, 0

9828, 0

9829, 0

9830, 0

9831, 1

9832, 1

9833, 0

9834, 0

9835, 0

9836, 0

9837, 0

9838, 0

9839, 0

9840, 0

9841, 1

9842, 0

9843, 1

9844, 0

9845, 0

9846, 1

9847, 0

9848, 0

9849, 1

9850, 1

9851, 0

9852, 0

9853, 0

9854, 1

9855, 0

9856, 1

9857, 0

9858, 0

9859, 0

9860, 1

9861, 0

9862, 1

9863, 0

9864, 1

9865, 1

9866, 0

9867, 1

9868, 1

9869, 0

9870, 0

9871, 0

9872, 0

9873, 0

9874, 0

9875, 0

9876, 0

9877, 0

9878, 0

9879, 0

9880, 1

9881, 1

9882, 0

9883, 0

9884, 0

9885, 0

9886, 0

9887, 0

9888, 0

9889, 0

9890, 1

9891, 0

9892, 0

9893, 0

9894, 0

9895, 0

9896, 0

9897, 0

9898, 1

9899, 1

9900, 0

9901, 0

9902, 0

9903, 0

9904, 0

9905, 1

9906, 1

9907, 0

9908, 0

9909, 1

9910, 1

9911, 1

9912, 1

9913, 0

9914, 0

9915, 0

9916, 0

9917, 1

9918, 1

9919, 0

9920, 0

9921, 0

9922, 1

9923, 0

9924, 0

9925, 1

9926, 1

9927, 0

9928, 1

9929, 0

9930, 1

9931, 0

9932, 1

9933, 0

9934, 0

9935, 0

9936, 1

9937, 1

9938, 0

9939, 0

9940, 0

9941, 0

9942, 0

9943, 1

9944, 0

9945, 1

9946, 1

9947, 0

9948, 0

9949, 0

9950, 0

9951, 0

9952, 0

9953, 0

9954, 0

9955, 0

9956, 0

9957, 0

9958, 0

9959, 0

9960, 0

9961, 0

9962, 0

9963, 0

9964, 0

9965, 1

9966, 0

9967, 1

9968, 0

9969, 0

9970, 0

9971, 0

9972, 1

9973, 0

9974, 1

9975, 0

9976, 0

9977, 1

9978, 0

9979, 1

9980, 1

9981, 0

9982, 0

9983, 0

9984, 0

9985, 0

9986, 0

9987, 0

9988, 1

9989, 0

9990, 0

9991, 1

9992, 0

9993, 0

9994, 0

9995, 0

9996, 0

9997, 1

9998, 0

9999, 1

10000, 0

10001, 0

10002, 0

10003, 0

10004, 0

10005, 0

10006, 0

10007, 0

10008, 0

10009, 0

10010, 0

10011, 0

10012, 1

10013, 0

10014, 0

10015, 0

10016, 0

10017, 0

10018, 0

10019, 0

10020, 0

10021, 0

10022, 0

10023, 0

10024, 1

10025, 0

10026, 0

10027, 1

10028, 0

10029, 0

10030, 1

10031, 1

10032, 0

10033, 0

10034, 0

10035, 1

10036, 1

10037, 0

10038, 0

10039, 1

10040, 0

10041, 0

10042, 0

10043, 0

10044, 0

10045, 0

10046, 0

10047, 0

10048, 1

10049, 1

10050, 0

10051, 0

10052, 0

10053, 1

10054, 1

10055, 0

10056, 1

10057, 0

10058, 0

10059, 0

10060, 0

10061, 1

10062, 1

10063, 0

10064, 0

10065, 0

10066, 0

10067, 1

10068, 0

10069, 0

10070, 1

10071, 0

10072, 0

10073, 0

10074, 0

10075, 0

10076, 0

10077, 0

10078, 0

10079, 0

10080, 0

10081, 0

10082, 1

10083, 0

10084, 1

10085, 1

10086, 1

10087, 0

10088, 0

10089, 0

10090, 0

10091, 0

10092, 0

10093, 0

10094, 0

10095, 0

10096, 0

10097, 0

10098, 1

10099, 1

10100, 0

10101, 0

10102, 0

10103, 0

10104, 0

10105, 1

10106, 0

10107, 1

10108, 0

10109, 0

10110, 0

10111, 1

10112, 1

10113, 0

10114, 0

10115, 0

10116, 0

10117, 1

10118, 0

10119, 0

10120, 1

10121, 1

10122, 0

10123, 1

10124, 1

10125, 0

10126, 0

10127, 0

10128, 0

10129, 0

10130, 1

10131, 0

10132, 0

10133, 1

10134, 0

10135, 1

10136, 1

10137, 0

10138, 1

10139, 0

10140, 0

10141, 0

10142, 0

10143, 0

10144, 0

10145, 0

10146, 0

10147, 0

10148, 0

10149, 0

10150, 1

10151, 0

10152, 0

10153, 1

10154, 0

10155, 0

10156, 0

10157, 1

10158, 0

10159, 0

10160, 0

10161, 0

10162, 0

10163, 0

10164, 0

10165, 0

10166, 0

10167, 0

10168, 0

10169, 0

10170, 0

10171, 0

10172, 0

10173, 0

10174, 1

10175, 0

10176, 1

10177, 0

10178, 0

10179, 0

10180, 0

10181, 0

10182, 0

10183, 0

10184, 1

10185, 0

10186, 0

10187, 0

10188, 1

10189, 1

10190, 1

10191, 0

10192, 1

10193, 0

10194, 1

10195, 0

10196, 0

10197, 0

10198, 1

10199, 0

10200, 1

10201, 0

10202, 0

10203, 0

10204, 0

10205, 0

10206, 1

10207, 0

10208, 0

10209, 0

10210, 0

10211, 1

10212, 0

10213, 1

10214, 0

10215, 0

10216, 0

10217, 0

10218, 0

10219, 1

10220, 0

10221, 0

10222, 1

10223, 0

10224, 0

10225, 0

10226, 1

10227, 0

10228, 0

10229, 0

10230, 0

10231, 1

10232, 0

10233, 0

10234, 1

10235, 0

10236, 0

10237, 0

10238, 0

10239, 0

10240, 0

10241, 0

10242, 1

10243, 1

10244, 0

10245, 0

10246, 0

10247, 1

10248, 1

10249, 1

10250, 0

10251, 0

10252, 0

10253, 0

10254, 1

10255, 0

10256, 0

10257, 0

10258, 0

10259, 0

10260, 1

10261, 1

10262, 0

10263, 0

10264, 0

10265, 0

10266, 0

10267, 0

10268, 1

10269, 0

10270, 0

10271, 0

10272, 0

10273, 0

10274, 0

10275, 0

10276, 1

10277, 0

10278, 0

10279, 0

10280, 1

10281, 0

10282, 0

10283, 0

10284, 0

10285, 0

10286, 0

10287, 0

10288, 0

10289, 1

10290, 0

10291, 0

10292, 1

10293, 1

10294, 0

10295, 0

10296, 0

10297, 1

10298, 0

10299, 0

10300, 1

10301, 0

10302, 0

10303, 1

10304, 0

10305, 0

10306, 0

10307, 1

10308, 0

10309, 0

10310, 0

10311, 0

10312, 1

10313, 1

10314, 1

10315, 1

10316, 0

10317, 0

10318, 0

10319, 0

10320, 0

10321, 1

10322, 0

10323, 0

10324, 0

10325, 1

10326, 0

10327, 1

10328, 1

10329, 0

10330, 1

10331, 0

10332, 0

10333, 0

10334, 1

10335, 0

10336, 0

10337, 0

10338, 1

10339, 0

10340, 0

10341, 1

10342, 1

10343, 1

10344, 0

10345, 0

10346, 0

10347, 1

10348, 0

10349, 0

10350, 1

10351, 1

10352, 1

10353, 1

10354, 1

10355, 0

10356, 0

10357, 1

10358, 0

10359, 1

10360, 0

10361, 0

10362, 0

10363, 0

10364, 0

10365, 1

10366, 0

10367, 0

10368, 0

10369, 0

10370, 1

10371, 0

10372, 0

10373, 1

10374, 1

10375, 1

10376, 0

10377, 0

10378, 0

10379, 0

10380, 0

10381, 0

10382, 0

10383, 1

10384, 0

10385, 1

10386, 0

10387, 1

10388, 0

10389, 0

10390, 0

10391, 1

10392, 0

10393, 0

10394, 0

10395, 1

10396, 0

10397, 0

10398, 1

10399, 1

10400, 0

10401, 0

10402, 0

10403, 1

10404, 1

10405, 0

10406, 0

10407, 0

10408, 1

10409, 0

10410, 0

10411, 0

10412, 0

10413, 0

10414, 1

10415, 0

10416, 0

10417, 0

10418, 0

10419, 0

10420, 1

10421, 1

10422, 0

10423, 0

10424, 1

10425, 0

10426, 1

10427, 1

10428, 0

10429, 1

10430, 0

10431, 1

10432, 0

10433, 1

10434, 1

10435, 0

10436, 0

10437, 0

10438, 0

10439, 1

10440, 0

10441, 0

10442, 0

10443, 0

10444, 1

10445, 0

10446, 0

10447, 0

10448, 1

10449, 0

10450, 1

10451, 0

10452, 0

10453, 0

10454, 1

10455, 0

10456, 0

10457, 0

10458, 0

10459, 0

10460, 0

10461, 0

10462, 0

10463, 0

10464, 1

10465, 0

10466, 1

10467, 0

10468, 1

10469, 1

10470, 0

10471, 0

10472, 0

10473, 0

10474, 0

10475, 0

10476, 0

10477, 0

10478, 0

10479, 0

10480, 1

10481, 0

10482, 0

10483, 0

10484, 1

10485, 1

10486, 0

10487, 0

10488, 1

10489, 0

10490, 0

10491, 1

10492, 1

10493, 1

10494, 0

10495, 0

10496, 0

10497, 1

10498, 1

10499, 1

10500, 1

10501, 0

10502, 0

10503, 0

10504, 0

10505, 1

10506, 0

10507, 0

10508, 1

10509, 0

10510, 1

10511, 0

10512, 0

10513, 0

10514, 1

10515, 0

10516, 0

10517, 0

10518, 0

10519, 0

10520, 0

10521, 0

10522, 1

10523, 0

10524, 1

10525, 1

10526, 1

10527, 0

10528, 1

10529, 1

10530, 0

10531, 0

10532, 0

10533, 1

10534, 0

10535, 0

10536, 1

10537, 0

10538, 0

10539, 1

10540, 0

10541, 0

10542, 1

10543, 0

10544, 0

10545, 1

10546, 0

10547, 0

10548, 0

10549, 0

10550, 0

10551, 0

10552, 1

10553, 0

10554, 0

10555, 0

10556, 1

10557, 0

10558, 1

10559, 0

10560, 0

10561, 1

10562, 0

10563, 1

10564, 0

10565, 0

10566, 0

10567, 0

10568, 0

10569, 1

10570, 0

10571, 1

10572, 0

10573, 0

10574, 1

10575, 0

10576, 0

10577, 0

10578, 0

10579, 0

10580, 1

10581, 0

10582, 0

10583, 0

10584, 0

10585, 0

10586, 0

10587, 1

10588, 1

10589, 1

10590, 1

10591, 0

10592, 0

10593, 1

10594, 1

10595, 0

10596, 0

10597, 0

10598, 0

10599, 1

10600, 0

10601, 1

10602, 1

10603, 0

10604, 0

10605, 0

10606, 0

10607, 0

10608, 0

10609, 0

10610, 0

10611, 0

10612, 0

10613, 0

10614, 0

10615, 0

10616, 0

10617, 0

10618, 0

10619, 0

10620, 0

10621, 0

10622, 0

10623, 1

10624, 0

10625, 1

10626, 0

10627, 0

10628, 0

10629, 1

10630, 0

10631, 1

10632, 0

10633, 0

10634, 0

10635, 1

10636, 0

10637, 0

10638, 0

10639, 1

10640, 0

10641, 0

10642, 0

10643, 1

10644, 1

10645, 1

10646, 0

10647, 0

10648, 0

10649, 0

10650, 0

10651, 0

10652, 1

10653, 0

10654, 1

10655, 0

10656, 1

10657, 0

10658, 0

10659, 0

10660, 0

10661, 0

10662, 1

10663, 1

10664, 0

10665, 0

10666, 0

10667, 0

10668, 0

10669, 0

10670, 0

10671, 1

10672, 0

10673, 1

10674, 0

10675, 1

10676, 0

10677, 1

10678, 0

10679, 0

10680, 1

10681, 0

10682, 1

10683, 0

10684, 0

10685, 0

10686, 0

10687, 0

10688, 0

10689, 0

10690, 0

10691, 0

10692, 0

10693, 0

10694, 0

10695, 0

10696, 0

10697, 0

10698, 0

10699, 0

10700, 0

10701, 0

10702, 0

10703, 0

10704, 0

10705, 0

10706, 0

10707, 1

10708, 0

10709, 0

10710, 1

10711, 1

10712, 0

10713, 0

10714, 1

10715, 0

10716, 1

10717, 0

10718, 0

10719, 1

10720, 0

10721, 0

10722, 0

10723, 0

10724, 0

10725, 0

10726, 1

10727, 0

10728, 0

10729, 0

10730, 0

10731, 1

10732, 1

10733, 0

10734, 0

10735, 0

10736, 0

10737, 0

10738, 0

10739, 0

10740, 1

10741, 0

10742, 0

10743, 0

10744, 0

10745, 0

10746, 1

10747, 0

10748, 0

10749, 0

10750, 0

10751, 0

10752, 0

10753, 0

10754, 1

10755, 1

10756, 1

10757, 0

10758, 0

10759, 0

10760, 0

10761, 1

10762, 0

10763, 0

10764, 0

10765, 0

10766, 1

10767, 0

10768, 0

10769, 0

10770, 0

10771, 1

10772, 0

10773, 0

10774, 0

10775, 0

10776, 1

10777, 0

10778, 1

10779, 1

10780, 0

10781, 0

10782, 0

10783, 0

10784, 1

10785, 0

10786, 0

10787, 0

10788, 1

10789, 1

10790, 0

10791, 0

10792, 1

10793, 0

10794, 1

10795, 1

10796, 0

10797, 0

10798, 1

10799, 0

10800, 0

10801, 0

10802, 0

10803, 1

10804, 0

10805, 0

10806, 0

10807, 0

10808, 1

10809, 1

10810, 0

10811, 1

10812, 0

10813, 0

10814, 0

10815, 1

10816, 1

10817, 0

10818, 0

10819, 1

10820, 0

10821, 0

10822, 0

10823, 1

10824, 0

10825, 1

10826, 1

10827, 0

10828, 0

10829, 1

10830, 0

10831, 0

10832, 0

10833, 0

10834, 0

10835, 0

10836, 0

10837, 0

10838, 1

10839, 0

10840, 0

10841, 0

10842, 0

10843, 0

10844, 0

10845, 0

10846, 1

10847, 1

10848, 0

10849, 1

10850, 1

10851, 0

10852, 0

10853, 0

10854, 0

10855, 0

10856, 0

10857, 0

10858, 0

10859, 0

10860, 0

10861, 1

10862, 0

10863, 0

10864, 1

10865, 0

10866, 0

10867, 0

10868, 1

10869, 0

10870, 0

10871, 0

10872, 1

10873, 0

10874, 0

10875, 0

10876, 0

10877, 0

10878, 0

10879, 0

10880, 0

10881, 0

10882, 0

10883, 0

10884, 0

10885, 0

10886, 0

10887, 0

10888, 0

10889, 0

10890, 1

10891, 0

10892, 0

10893, 0

10894, 1

10895, 0

10896, 0

10897, 0

10898, 0

10899, 0

10900, 0

10901, 0

10902, 0

10903, 0

10904, 0

10905, 0

10906, 0

10907, 0

10908, 0

10909, 0

10910, 0

10911, 0

10912, 0

10913, 1

10914, 0

10915, 0

10916, 0

10917, 1

10918, 0

10919, 1

10920, 0

10921, 0

10922, 0

10923, 0

10924, 0

10925, 0

10926, 0

10927, 0

10928, 1

10929, 1

10930, 1

10931, 0

10932, 1

10933, 1

10934, 0

10935, 1

10936, 0

10937, 0

10938, 1

10939, 0

10940, 0

10941, 0

10942, 0

10943, 0

10944, 1

10945, 0

10946, 0

10947, 1

10948, 0

10949, 0

10950, 0

10951, 0

10952, 0

10953, 0

10954, 0

10955, 0

10956, 0

10957, 0

10958, 0

10959, 0

10960, 0

10961, 0

10962, 1

10963, 0

10964, 1

10965, 0

10966, 0

10967, 0

10968, 0

10969, 0

10970, 0

10971, 0

10972, 0

10973, 0

10974, 0

10975, 0

10976, 1

10977, 0

10978, 0

10979, 0

10980, 0

10981, 0

10982, 0

10983, 0

10984, 0

10985, 0

10986, 0

10987, 0

10988, 0

10989, 1

10990, 1

10991, 1

10992, 0

10993, 0

10994, 0

10995, 0

10996, 0

10997, 0

10998, 0

10999, 0

11000, 0

11001, 0

11002, 0

11003, 0

11004, 0

11005, 0

11006, 0

11007, 0

11008, 0

11009, 0

11010, 1

11011, 1

11012, 0

11013, 0

11014, 0

11015, 0

11016, 0

11017, 1

11018, 1

11019, 0

11020, 0

11021, 0

11022, 1

11023, 1

11024, 0

11025, 0

11026, 0

11027, 1

11028, 1

11029, 1

11030, 1

11031, 1

11032, 0

11033, 0

11034, 1

11035, 0

11036, 0

11037, 1

11038, 0

11039, 1

11040, 1

11041, 0

11042, 0

11043, 0

11044, 0

11045, 1

11046, 1

11047, 1

11048, 0

11049, 0

11050, 1

11051, 1

11052, 1

11053, 0

11054, 0

11055, 0

11056, 0

11057, 1

11058, 0

11059, 0

11060, 0

11061, 1

11062, 0

11063, 0

11064, 0

11065, 1

11066, 0

11067, 0

11068, 0

11069, 0

11070, 0

11071, 0

11072, 1

11073, 0

11074, 0

11075, 0

11076, 0

11077, 0

11078, 0

11079, 0

11080, 0

11081, 0

11082, 0

11083, 1

11084, 0

11085, 1

11086, 0

11087, 1

11088, 0

11089, 1

11090, 1

11091, 0

11092, 0

11093, 0

11094, 1

11095, 0

11096, 0

11097, 0

11098, 0

11099, 0

11100, 0

11101, 1

11102, 0

11103, 0

11104, 0

11105, 0

11106, 0

11107, 0

11108, 0

11109, 0

11110, 0

11111, 0

11112, 0

11113, 0

11114, 0

11115, 0

11116, 1

11117, 1

11118, 0

11119, 1

11120, 1

11121, 1

11122, 0

11123, 0

11124, 1

11125, 1

11126, 1

11127, 0

11128, 0

11129, 0

11130, 0

11131, 0

11132, 0

11133, 1

11134, 1

11135, 0

11136, 0

11137, 0

11138, 1

11139, 1

11140, 1

11141, 0

11142, 0

11143, 0

11144, 0

11145, 1

11146, 0

11147, 0

11148, 0

11149, 0

11150, 0

11151, 0

11152, 0

11153, 1

11154, 0

11155, 0

11156, 0

11157, 1

11158, 1

11159, 0

11160, 0

11161, 0

11162, 0

11163, 1

11164, 0

11165, 1

11166, 0

11167, 0

11168, 0

11169, 0

11170, 0

11171, 0

11172, 0

11173, 1

11174, 0

11175, 1

11176, 0

11177, 0

11178, 0

11179, 0

11180, 0

11181, 0

11182, 0

11183, 0

11184, 0

11185, 1

11186, 1

11187, 1

11188, 1

11189, 0

11190, 0

11191, 1

11192, 1

11193, 0

11194, 0

11195, 0

11196, 0

11197, 0

11198, 0

11199, 0

11200, 0

11201, 1

11202, 0

11203, 0

11204, 1

11205, 0

11206, 0

11207, 0

11208, 0

11209, 0

11210, 0

11211, 1

11212, 0

11213, 1

11214, 0

11215, 1

11216, 1

11217, 0

11218, 0

11219, 0

11220, 0

11221, 1

11222, 0

11223, 0

11224, 0

11225, 1

11226, 0

11227, 0

11228, 1

11229, 1

11230, 1

11231, 0

11232, 0

11233, 0

11234, 0

11235, 0

11236, 0

11237, 0

11238, 1

11239, 0

11240, 1

11241, 1

11242, 0

11243, 1

11244, 0

11245, 0

11246, 0

11247, 0

11248, 0

11249, 0

11250, 1

11251, 0

11252, 1

11253, 1

11254, 0

11255, 1

11256, 1

11257, 1

11258, 0

11259, 0

11260, 1

11261, 1

11262, 0

11263, 0

11264, 1

11265, 1

11266, 0

11267, 0

11268, 0

11269, 0

11270, 1

11271, 0

11272, 0

11273, 0

11274, 0

11275, 0

11276, 1

11277, 0

11278, 0

11279, 0

11280, 0

11281, 1

11282, 0

11283, 1

11284, 0

11285, 0

11286, 0

11287, 0

11288, 0

11289, 1

11290, 0

11291, 0

11292, 0

11293, 0

11294, 0

11295, 0

11296, 1

11297, 0

11298, 0

11299, 0

11300, 1

11301, 0

11302, 0

11303, 0

11304, 1

11305, 0

11306, 1

11307, 0

11308, 0

11309, 0

11310, 1

11311, 0

11312, 0

11313, 1

11314, 0

11315, 0

11316, 1

11317, 1

11318, 0

11319, 0

11320, 1

11321, 0

11322, 0

11323, 0

11324, 0

11325, 0

11326, 0

11327, 1

11328, 1

11329, 1

11330, 1

11331, 0

11332, 0

11333, 1

11334, 1

11335, 0

11336, 0

11337, 0

11338, 0

11339, 1

11340, 0

11341, 0

11342, 1

11343, 0

11344, 0

11345, 0

11346, 0

11347, 0

11348, 0

11349, 0

11350, 1

11351, 0

11352, 0

11353, 0

11354, 0

11355, 0

11356, 1

11357, 0

11358, 0

11359, 0

11360, 0

11361, 1

11362, 0

11363, 0

11364, 0

11365, 0

11366, 1

11367, 0

11368, 0

11369, 0

11370, 0

11371, 0

11372, 1

11373, 0

11374, 1

11375, 0

11376, 1

11377, 0

11378, 0

11379, 0

11380, 0

11381, 0

11382, 0

11383, 0

11384, 0

11385, 0

11386, 0

11387, 0

11388, 0

11389, 0

11390, 0

11391, 1

11392, 0

11393, 0

11394, 0

11395, 1

11396, 0

11397, 0

11398, 1

11399, 0

11400, 0

11401, 0

11402, 0

11403, 0

11404, 0

11405, 0

11406, 0

11407, 1

11408, 0

11409, 0

11410, 0

11411, 1

11412, 1

11413, 0

11414, 0

11415, 0

11416, 0

11417, 0

11418, 0

11419, 1

11420, 1

11421, 0

11422, 0

11423, 0

11424, 0

11425, 0

11426, 1

11427, 1

11428, 0

11429, 0

11430, 0

11431, 1

11432, 0

11433, 0

11434, 0

11435, 0

11436, 1

11437, 0

11438, 0

11439, 0

11440, 0

11441, 0

11442, 0

11443, 0

11444, 0

11445, 1

11446, 0

11447, 1

11448, 0

11449, 0

11450, 0

11451, 0

11452, 0

11453, 0

11454, 0

11455, 0

11456, 1

11457, 0

11458, 0

11459, 1

11460, 0

11461, 0

11462, 1

11463, 0

11464, 0

11465, 0

11466, 0

11467, 1

11468, 0

11469, 0

11470, 0

11471, 1

11472, 0

11473, 0

11474, 0

11475, 0

11476, 0

11477, 0

11478, 0

11479, 0

11480, 0

11481, 0

11482, 0

11483, 0

11484, 0

11485, 0

11486, 0

11487, 0

11488, 0

11489, 0

11490, 0

11491, 0

11492, 0

11493, 0

11494, 0

11495, 0

11496, 0

11497, 0

11498, 0

11499, 0

11500, 0

11501, 0

11502, 0

11503, 0

11504, 0

11505, 0

11506, 1

11507, 0

11508, 0

11509, 0

11510, 0

11511, 0

11512, 0

11513, 0

11514, 1

11515, 0

11516, 0

11517, 0

11518, 0

11519, 0

11520, 0

11521, 1

11522, 1

11523, 0

11524, 0

11525, 0

11526, 0

11527, 0

11528, 0

11529, 0

11530, 1

11531, 0

11532, 1

11533, 1

11534, 0

11535, 0

11536, 0

11537, 0

11538, 0

11539, 1

11540, 0

11541, 0

11542, 0

11543, 0

11544, 0

11545, 0

11546, 1

11547, 0

11548, 0

11549, 0

11550, 0

11551, 0

11552, 0

11553, 0

11554, 1

11555, 0

11556, 0

11557, 0

11558, 0

11559, 0

11560, 0

11561, 0

11562, 0

11563, 0

11564, 0

11565, 1

11566, 0

11567, 0

11568, 0

11569, 0

11570, 0

11571, 0

11572, 0

11573, 0

11574, 0

11575, 1

11576, 0

11577, 0

11578, 0

11579, 0

11580, 1

11581, 0

11582, 0

11583, 0

11584, 0

11585, 0

11586, 0

11587, 0

11588, 0

11589, 1

11590, 0

11591, 1

11592, 0

11593, 0

11594, 0

11595, 0

11596, 1

11597, 0

11598, 1

11599, 0

11600, 0

11601, 0

11602, 0

11603, 1

11604, 0

11605, 0

11606, 0

11607, 0

11608, 0

11609, 0

11610, 1

11611, 1

11612, 0

11613, 0

11614, 0

11615, 0

11616, 1

11617, 0

11618, 0

11619, 0

11620, 1

11621, 0

11622, 0

11623, 1

11624, 1

11625, 0

11626, 1

11627, 1

11628, 1

11629, 0

11630, 1

11631, 0

11632, 0

11633, 1

11634, 0

11635, 0

11636, 0

11637, 1

11638, 0

11639, 0

11640, 0

11641, 0

11642, 0

11643, 0

11644, 0

11645, 0

11646, 0

11647, 0

11648, 0

11649, 0

11650, 0

11651, 1

11652, 0

11653, 0

11654, 0

11655, 1

11656, 0

11657, 0

11658, 0

11659, 0

11660, 0

11661, 0

11662, 0

11663, 0

11664, 0

11665, 0

11666, 0

11667, 0

11668, 1

11669, 1

11670, 0

11671, 0

11672, 0

11673, 0

11674, 0

11675, 0

11676, 1

11677, 0

11678, 1

11679, 1

11680, 0

11681, 1

11682, 1

11683, 0

11684, 0

11685, 1

11686, 0

11687, 1

11688, 1

11689, 1

11690, 0

11691, 0

11692, 0

11693, 0

11694, 0

11695, 1

11696, 0

11697, 0

11698, 0

11699, 1

11700, 0

11701, 1

11702, 1

11703, 0

11704, 0

11705, 1

11706, 0

11707, 0

11708, 1

11709, 0

11710, 1

11711, 0

11712, 0

11713, 0

11714, 0

11715, 0

11716, 0

11717, 0

11718, 0

11719, 0

11720, 0

11721, 0

11722, 0

11723, 0

11724, 0

11725, 0

11726, 1

11727, 0

11728, 0

11729, 0

11730, 0

11731, 0

11732, 1

11733, 0

11734, 0

11735, 0

11736, 0

11737, 1

11738, 0

11739, 1

11740, 0

11741, 1

11742, 1

11743, 0

11744, 0

11745, 0

11746, 0

11747, 0

11748, 0

11749, 1

11750, 1

11751, 0

11752, 0

11753, 0

11754, 0

11755, 0

11756, 1

11757, 1

11758, 0

11759, 0

11760, 1

11761, 0

11762, 0

11763, 1

11764, 0

11765, 0

11766, 1

11767, 0

11768, 0

11769, 0

11770, 1

11771, 0

11772, 0

11773, 0

11774, 0

11775, 0

11776, 0

11777, 0

11778, 0

11779, 0

11780, 0

11781, 0

11782, 0

11783, 0

11784, 0

11785, 1

11786, 0

11787, 1

11788, 0

11789, 0

11790, 1

11791, 1

11792, 0

11793, 0

11794, 1

11795, 0

11796, 0

11797, 0

11798, 0

11799, 0

11800, 0

11801, 0

11802, 0

11803, 0

11804, 0

11805, 0

11806, 1

11807, 0

11808, 0

11809, 1

11810, 0

11811, 0

11812, 0

11813, 0

11814, 0

11815, 0

11816, 0

11817, 0

11818, 1

11819, 0

11820, 0

11821, 0

11822, 0

11823, 0

11824, 0

11825, 0

11826, 0

11827, 0

11828, 0

11829, 0

11830, 1

11831, 0

11832, 0

11833, 1

11834, 1

11835, 0

11836, 0

11837, 0

11838, 1

11839, 0

11840, 0

11841, 1

11842, 0

11843, 0

11844, 0

11845, 0

11846, 0

11847, 0

11848, 1

11849, 1

11850, 0

11851, 0

11852, 0

11853, 0

11854, 1

11855, 0

11856, 1

11857, 0

11858, 0

11859, 0

11860, 0

11861, 0

11862, 0

11863, 0

11864, 0

11865, 0

11866, 1

11867, 1

11868, 0

11869, 0

11870, 0

11871, 0

11872, 1

11873, 0

11874, 1

11875, 0

11876, 0

11877, 0

11878, 1

11879, 0

11880, 0

11881, 0

11882, 1

11883, 1

11884, 0

11885, 0

11886, 1

11887, 0

11888, 0

11889, 0

11890, 1

11891, 1

11892, 1

11893, 0

11894, 1

11895, 0

11896, 0

11897, 0

11898, 0

11899, 1

11900, 0

11901, 1

11902, 1

11903, 0

11904, 0

11905, 0

11906, 0

11907, 0

11908, 0

11909, 0

11910, 0

11911, 0

11912, 0

11913, 0
